 &cntrl 
   nstlim=500000, nscm=1000,
   ntx=5, irest=1, ntpr=1000,
   tempi=300.0, temp0=300.0, ntt=3, gamma_ln=2.0,
   ntp=1, pres0=1.01325, taup=5.0,
   ntb=2, igb=0, cut=10.0,
   dt=0.002, ig=-1,
   ntc=2, ntf=2,
   iwrap=0,
   ntwr=1000, ntwx=50000, ntave=1000,
   ioutfm=1, ntwv=-1,
   ifsc = 0, icfe=1, 
   clambda=0.31608,
   timask1=':1',
   timask2=':2', crgmask = ':2',
/
